=== blackpowder vs blackpowder ===  games_per_pc=400  seed_start=910001

  pc  mean_finish  baseline  win_rate   histogram(p1..pN)
   2        1.522     1.500     47.8%   191 209 
   3        2.127     2.000     27.5%   110 129 161 
   4        2.635     2.500     21.8%   87 86 113 114 
   5        3.150     3.000     15.0%   60 85 80 85 90 
   6        3.717     3.500     12.8%   51 64 63 65 83 74 
   7        4.080     4.000     11.5%   46 67 48 61 58 66 54 
   8        4.800     4.500      9.8%   39 50 41 44 53 54 59 60 
