=== cordite vs espresso ===  games_per_pc=1000  seed_start=910001

  pc  mean_finish  baseline  win_rate   histogram(p1..pN)
   2        1.310     1.500     69.0%   690 310 
   3        1.616     2.000     56.0%   560 264 176 
   4        2.083     2.500     35.5%   355 320 212 113 
   5        2.616     3.000     24.3%   243 247 256 159 95 
   6        2.988     3.500     21.6%   216 209 192 192 133 57 
   7        3.559     4.000     15.2%   152 173 172 190 147 112 54 
   8        4.190     4.500     11.6%   116 129 150 128 183 155 103 36 
