=== cordite vs handwritten ===  games_per_pc=1000  seed_start=910001

  pc  mean_finish  baseline  win_rate   histogram(p1..pN)
   2        1.121     1.500     87.9%   879 121 
   3        1.553     2.000     56.0%   560 327 113 
   4        2.039     2.500     35.5%   355 320 256 69 
   5        2.584     3.000     24.3%   243 247 256 191 63 
   6        2.960     3.500     21.6%   216 209 192 192 161 29 
   7        3.539     4.000     15.2%   152 173 172 190 147 132 34 
   8        4.177     4.500     11.6%   116 129 150 128 183 155 116 23 
