=== cordite vs blackpowder ===  games_per_pc=400  seed_start=910001

  pc  mean_finish  baseline  win_rate   histogram(p1..pN)
   2        1.450     1.500     55.0%   220 180 
   3        1.910     2.000     36.2%   145 146 109 
   4        2.447     2.500     28.8%   115 85 106 94 
   5        2.830     3.000     21.8%   87 92 85 74 62 
   6        3.502     3.500     13.8%   55 74 73 70 69 59 
   7        4.050     4.000     10.8%   43 58 67 61 60 61 50 
   8        4.470     4.500     12.2%   49 49 48 62 47 42 62 41 
