=== cordite vs random ===  games_per_pc=1000  seed_start=910001

  pc  mean_finish  baseline  win_rate   histogram(p1..pN)
   2        1.019     1.500     98.1%   981 19 
   3        1.131     2.000     87.3%   873 123 4 
   4        1.331     2.500     73.5%   735 202 60 3 
   5        1.575     3.000     61.4%   614 232 121 31 2 
   6        1.753     3.500     51.1%   511 302 125 47 15 0 
   7        1.878     4.000     51.5%   515 247 138 60 26 13 1 
   8        2.330     4.500     39.8%   398 236 151 116 58 34 7 0 
